[227223.     244863.34   296243.7    292245.6    317160.53   309676.75
 282990.     277545.88   265554.66   275748.47   276138.56   275588.28
 267699.94   262801.25   273090.34   273995.12   259573.52   265012.28
 262742.47   245609.84   258894.52   263780.3    276835.4    283409.5
 256743.97   261862.4    254611.03   258692.86   259276.56   261027.17
 265030.53   258520.62   250904.14   249515.97   237716.44   230549.23
 228340.05   242657.42   236395.67   223772.61   230189.47   227707.64
 211744.39   214644.     224133.66   213623.53   224316.12   236010.95
 234981.89   228197.22   205372.27   198635.19   193709.94   197406.23
 190076.12   194744.89   193596.83   192567.53   191441.86   184958.06
 166641.19   167792.44   187171.38   182449.48   173718.12   171919.38
 145076.28   138802.31   159164.34   154854.31   160939.83   151934.62
 156363.55   162197.42   132930.84   122831.23   127667.95   129796.625
 134445.3    131375.1    144924.78   159787.23   126671.28   105895.49
  94069.5     97827.5    113371.35   111885.3    102874.41   102359.18
 106800.2    110227.02   106636.766  104201.41    84173.445   75337.28
  79879.83    93224.49   108948.65    93901.45    83046.016   71094.06
  49217.04    44798.69    66164.83    70747.69    80002.12    83090.695
  93006.78   102686.39    74080.84    68120.25    62986.355   59529.363
  61023.297   64067.695   66772.875   70104.48    65546.04    45866.094
  60515.52    80302.695   82675.36    53833.484   81993.1     43337.703
  57007.062   61388.84    96988.33    89873.24    40216.887   41973.805
  43630.113   42561.168   70712.195   65312.09    18288.018    3524.8208
  84707.12   120711.516  234053.45   123436.09    33734.195   38931.082
  96500.51    81908.9     79765.16    77258.7     34516.492   16731.844
  20450.246   33651.742   40369.16    36547.355   26865.65    43264.12
  95668.81    68739.36    21982.055   32825.027   39653.953   36261.04
  55577.836   34987.85    26241.295   35004.5     26514.34    44161.05
  63428.766   55134.94    20617.006   13346.329    1211.0145  18780.498
  10643.367   10664.992   27465.973   25417.54    23309.607   27255.326
  22445.463   22967.117   21676.143   26243.707   31123.127   26177.611
  30825.322   25087.537    6129.449   32870.324   47476.69    38001.72
  18208.2     14443.344   31136.064   32843.645    8478.249    7651.7944
  11179.398    9989.237   14192.537    3854.2744  19331.617   26730.887
  58611.21    49061.28    12263.658   16423.975   39096.22    34152.117
  15324.775    7427.5903  16166.098    1409.161   12420.474   22094.484
 297576.5    308647.88   139462.88    77331.09    36496.543   76920.96
 124387.586  111058.29    48262.742   18093.146   14381.236   26546.805
  47072.74    48041.344   46933.273   27844.195   30941.902   39004.32
  24143.268   24443.38    16881.562   20742.98    27330.51    38011.06
  38481.152   31911.145   33936.574   27742.098   18864.941   26177.
  23788.705   17048.578   12411.292    6217.76  ]